1.9344
1.471
-0.02503
0.16839
0.7444
1.2598
-0.23154
-1.5796
0.78601
3.6945
1.0441
3.249
3.1724
2.8842
2.1827
2.4358
1.6263
1.7533
3.5815
3.9819
5.3465
2.8405
4.1809
5.2793
6.0554
3.3242
2.6961
4.171
5.0328
4.3724
5.6725
3.5899
6.3011
6.2888
5.9539
6.87
6.3562
6.3656
4.6414
5.2866
4.9047
5.0169
6.7398
6.5596
6.611
7.7035
7.2487
7.3324
7.9364
7.1015
6.7045
7.8463
7.5285
9.7872
8.0516
7.4587
8.396
10.359
10.357
7.876
9.1461
9.4228
11.539
9.721
11.52
9.525
9.4862
11.317
9.9095
9.7316
9.4258
10.06
9.9969
11.934
9.7746
10.889
10.774
7.9424
12.023
11.994
10.797
8.6742
10.414
12.025
12.315
11.068
12.88
11.495
11.884
10.552
13.657
12.246
10.361
9.4586
12.578
12.501
12.778
12.061
12.573
12.42
12.732
13.663
13.141
12.045
12.267
14.366
10.896
13.058
13.05
12.55
11.978
13.276
13.688
15.015
12.799
12.371
13.323
13.982
11.797
14.085
14.375
13.346
13.396
13.743
12.793
13.404
14.234
13.144
12.344
14.924
13.869
14.587
14.017
12.52
15.127
13.388
12.628
12.542
13.269
13.969
13.7
12.68
12.849
14.351
12.501
12.818
14.949
11.455
13.332
12.339
13.174
14.232
13.34
14.117
11.821
13.92
12.263
12.009
14.387
11.527
12.033
12.455
12.563
12.523
12.942
12.492
11.689
11.565
11.568
10.065
11.648
11.837
13.708
12.021
12.175
10.192
10.6
9.2107
11.909
10.348
10.192
10.723
10.858
11.237
10.227
10.719
11.037
10.131
8.2288
10.56
9.767
9.4305
8.6841
10.371
7.4799
9.0968
9.9089
8.4391
6.8667
8.2521
7.4098
10.146
7.5388
7.9068
8.5693
8.0307
7.2299
8.7924
7.3404
7.877
7.1441
5.7114
5.8097
6.9076
5.1401
7.1355
6.6788
6.7763
6.0965
6.9544
5.0622
6.0499
6.6678
5.3014
5.8109
4.2802
4.7686
3.1092
3.4295
4.124
2.5125
2.3326
3.7641
3.4132
2.1864
4.1327
2.8303
3.9306
6.2563
3.3773
3.8684
1.685
3.2975
1.482
2.3604
2.6677
1.3713
1.3165
2.2994
2.8636
1.9377
0.3651
0.28634
-0.40301
-0.48217
1.5884
1.0505
-0.42354
1.0478
0.08946
1.5189
-2.1601
0.13762
-2.3764
-1.9301
-0.34932
-1.4651
-1.0972
-2.8668
-0.32231
-2.3808
0.083961
-3.3611
-4.4083
-3.6034
-2.7776
-2.042
-4.0666
-1.3848
-3.8097
-3.216
-4.7504
-2.8224
-5.5823
-3.8929
-4.004
-4.3744
-3.3468
-5.8719
-1.935
-5.8939
-4.4438
-5.4916
-6.4347
-6.4272
-5.4665
-6.7219
-4.438
-6.2897
-7.4741
-7.0204
-6.6821
-7.3195
-6.5968
-7.6583
-7.0214
-6.2152
-14.691
-14.477
-12.94
-15.7
-14.872
-13.721
-16.413
-16.713
-17.174
-16.778
-15.973
-18.176
-18.009
-17.832
-16.641
-15.32
-16.666
-17.285
-16.921
-14.706
-16.856
-16.986
-16.993
-18.909
-19.85
-19.611
-16.456
-18.136
-18.498
-18.18
-17.867
-17.24
-19.454
-18.184
-17.585
-19.54
-20.564
-18.39
-18.56
-16.176
-18.91
-18.943
-19.514
-17.857
-19.019
-17.5
-18.798
-18.248
-19.5
-19.241
-19.936
-20.155
-21.511
-21.059
-19.412
-20.087
-20.751
-18.442
-18.979
-20.311
-18.945
-21.093
-17.932
-20.001
-19.288
-19.52
-20.774
-19.019
-19.492
-20.894
-19.913
-21.368
-20.483
-21.721
-20.81
-20.409
-19.114
-20.368
-21.005
-20.197
-21.348
-20.824
-18.595
-20.025
-20.946
-20.228
-20.775
-20.793
-20.286
-20.492
-19.875
-18.406
-20.254
-20.276
-19.019
-19.034
-19.22
-19.738
-20.862
-19.009
-19.917
-19.434
-20.021
-19.044
-19.714
-19.958
-20.746
-20.327
-17.442
-17.038
-20.103
-19.126
-18.882
-19.314
-16.967
-18.168
-19.272
-19.821
-18.4
-18.347
-19.702
-17.57
-18.102
-16.747
-18.213
-17.374
-18.447
-17.686
-16.39
-16.094
-17.318
-14.758
-17.286
-15.808
-16.741
-17.213
-14.927
-16.373
-16.817
-16.616
-15.991
-16.208
-16.019
-16.132
-16.804
-15.748
-17.138
-15.63
-15.254
-14.88
-14.169
-16.129
-16.039
-12.677
-11.855
-13.509
-14.856
-13.561
-13.819
-15.94
-13.662
-13.712
-12.993
-13.211
-16.66
-14.144
-14.333
-13.51
-14.426
-12.685
-13.193
-11.53
-12.664
-11.227
-13.048
-13.417
-12.344
-10.583
-9.8895
-11.493
-9.1653
-10.687
-10.284
-10.538
-10.643
-9.6649
-9.1923
-9.8117
-12.133
-7.1246
-10.075
-7.0322
-7.7753
-11.304
-8.4693
-8.0489
-7.3435
-7.3787
-7.2287
-7.3505
-7.0671
-5.6358
-6.6311
-7.1573
-6.8052
-6.0178
-6.5216
-7.1115
-7.1949
-5.69
-4.8458
-4.3521
-4.5921
-6.0604
-4.3448
-6.004
-4.9614
-6.0262
-3.1791
-3.896
-3.2566
-4.1488
-3.5562
-4.7777
-4.8428
-4.4095
-1.4138
-2.6915
-3.2178
-3.2445
-3.6433
-1.1254
-1.2897
-1.6616
-1.5133
-0.50819
-0.51774
-0.03676
-2.347
-1.8339
0.15914
0.19752
0.34651
-0.46382
-0.19677
-0.6339
-0.19964
1.3558
0.43278
0.51021
0.81459
-1.1152
2.7284
0.28806
3.0941
1.069
1.8688
0.87241
3.1078
1.7355
1.7714
2.4465
3.1201
1.1035
0.90393
3.0954
2.7924
0.87172
3.6953
2.254
3.4553
4.252
4.1335
2.647
3.3813
4.4485
4.8658
4.3278
5.3763
4.8737
4.5687
3.4218
4.5309
5.0872
5.4808
4.5063
4.5056
5.8133
6.0865
4.9236
4.2555
5.0558
5.3178
5.8198
1.9784
6.8236
3.6388
4.6077
3.9751
4.8213
4.3511
6.1473
7.245
4.9736
5.244
4.7468
6.7262
4.8891
6.036
5.3098
5.839
6.5793
6.9939
5.0056
5.3054
5.6489
5.7001
7.0572
5.9194
5.6783
4.1826
6.2099
7.0625
7.5277
7.3723
6.0226
5.8878
8.0304
4.09
7.9236
6.8601
5.7547
7.2651
5.9229
7.9104
8.4879
8.4158
6.5594
5.8277
5.8269
5.6209
6.0105
4.429
7.0266
7.1934
6.3672
5.6921
6.5374
5.8809
6.1342
6.9955
6.996
5.0478
7.2546
5.6414
5.005
3.542
4.7462
6.0963
5.3105
4.1192
6.9191
7.4806
5.6296
6.0969
7.0227
5.0954
4.8293
6.084
5.2922
4.916
4.8623
5.2966
6.1836
5.4819
6.1946
6.0216
4.973
4.2054
3.8847
4.9549
5.3435
4.7247
4.7752
3.3499
3.1563
1.6466
5.469
2.7152
3.9481
4.725
3.4585
1.7085
1.3659
4.3412
2
3.117
3.6416
3.9057
2.8018
2.8598
2.2758
2.2694
1.5304
1.3169
1.5649
1.1591
1.5566
1.8873
1.2157
1.9482
0.67275
2.0581
-0.37663
0.62911
-0.97737
-0.5708
-0.87524
0.41139
-0.52333
-1.1272
-0.3957
-0.6843
-1.1784
-2.151
-0.39007
-1.0799
-0.74899
-0.2026
-2.93
5.1562
3.513
4.292
4.5287
2.8654
2.7994
4.1857
3.8812
4.5428
1.6107
3.8779
3.634
4.4473
2.7913
2.849
2.5201
1.4124
2.6459
0.54464
0.98898
1.7624
2.1569
2.0722
1.4106
2.9637
2.3391
-0.085695
1.8764
0.92086
2.1314
0.65471
-0.077164
0.14893
1.6401
-0.58447
-3.1056
-2.7807
-2.1184
-2.6455
-2.2021
-1.9888
-2.4687
-3.5856
-2.4638
-1.4179
-2.7567
-3.6981
-2.6149
-3.206
-2.9077
-2.8652
-5.6609
-2.9035
-3.3937
-4.4521
-3.426
-3.812
-3.767
-5.8887
-5.2882
-5.4507
-5.9363
-5.2306
-4.6012
-4.2624
-4.7011
-5.6466
-7.0156
-6.2268
-5.7733
-6.2874
-6.369
-7.4543
-8.4655
-7.0839
-6.2914
-7.1628
-6.8089
-7.5113
-6.9905
-6.4465
-9.0006
-9.1945
-9.2342
-7.2095
-7.6245
-9.2653
-8.2858
-10.068
-9.0534
-6.8876
-9.3377
-8.6077
-9.0155
-9.7322
-10.701
-11.632
-10.223
-10.753
-11.257
-9.487
-11.058
-10.175
-10.078
-10.895
-10.312
-9.1557
-12.356
-11.606
-11.627
-12.676
-11.297
-10.573
-9.246
-10.148
-10.479
-12.769
-11.014
-10.67
-12.107
-11.309
-13.621
-11.288
-14.029
-13.881
-13.008
-12.53
-10.4
-11.723
-12.765
-11.749
-12.613
-13.397
-13.213
-13.043
-12.363
-12.684
-12.505
-12.39
-15.224
-12.125
-13.249
-12.83
-12.07
-12.748
-13.328
-11.412
-12.462
-13.816
-12.909
-13.557
-10.598
-14.206
-11.774
-14.111
-14.141
-13.974
-14.465
-13.106
-13.896
-13.138
-12.636
-15.321
-15.078
-12.135
-13.956
-14.348
-13.778
-13.196
-14.555
-13.264
-12.855
-13.299
-13.294
-14.664
-13.887
-14.292
-12.998
-13.396
-13.503
-13.604
-13.244
-13.812
-13.212
-14.255
-12.555
-13.652
-13.942
-11.65
-13.495
-11.999
-12.426
-10.182
-14.277
-11.629
-11.515
-11.296
-11.915
-11.978
-10.671
-12.704
-12.378
-11.514
-11.098
-13.236
-11.11
-11.064
-11.171
-11.191
-11.428
-9.2359
-9.0633
-11.472
-10.139
-10.215
-9.4795
-10.297
-10.553
-9.9349
-11.235
-9.972
-11.465
-8.0606
-9.8747
-8.5584
-7.2135
-9.9089
-9.2612
-9.3905
-8.9876
-7.5823
-10.323
-7.1824
-7.4442
-7.841
-7.2674
-8.1142
-6.2767
-7.3686
-7.9315
-7.5787
-5.6317
-6.8608
-7.0139
-6.156
-6.5838
-5.9803
-6.3603
-5.544
-4.5535
-6.1747
-4.9484
-5.8766
-5.6561
-5.2186
-5.2751
-5.4333
-6.1072
-5.6067
-3.8289
-2.745
-5.3101
-4.3965
-2.9683
-3.6896
-2.2392
-4.0291
-3.5238
-4.7239
-3.7988
-1.4408
-2.1654
-2.7793
-1.835
-2.6073
-1.28
-3.4601
-0.38951
-1.1848
-0.57196
-1.6429
-2.0721
-1.9423
-2.4314
-0.19462
-1.6687
1.1836